  103060355 10160355000  2
  103060360 10160360000  3
  103060390 10160390000  5
  103060402 10160402000  3
  103060403 10160403000  2
  103060419 10160419000  3
  103060425 10160425000  1
  103060430 10160430000  3
  103060444 10160444000  1
  103060445 10160445000  2
  103060461 10160461001  1
  103060468 10160468000  2
  103060475 10160475000  3
  103060490 10160490001  3
  103060518 10160518000  2
  103060522 10160522000  1
  103060525 10160525000  3
  103060531 10160531000  2
  103060535 10160535000  3
  103060536 10160536000  1
  103060540 10160540000  1
  103060545 10160545000  2
  103060550 10160550000  1
  103060555 10160555000  1
  103060549 10160557001  2
  103060559 10160559000  1
  103060560 10160560001  3
  103060566 10160566000  1
  103060581 10160566001  3
  103060571 10160571000  1
  103060590 10160590000  3
  103060602 10160602000  2
  103060607 10160607000  3
  103060611 10160611000  1
  103060620 10160620000  1
  103060630 10160630000  1
  103060670 10160670000  1
  103060680 10160680000  3
  135065306 10365306000  3
  135065319 10365319000  1
  135065330 10365330000  1
  135065335 10365335000  1
  135065338 10365338000  1
  135065344 10365344000  3
  138065501 10565501000  3
  138065502 10565502000  3
  138065503 10565503000  3
  138065507 10565507000  1
  138065510 10565510000  3
  138065516 10565516000  1
  138065522 10565522000  3
  133064851 10764851000  2
  133064860 10764860000  3
  133064910 10764910000  4
  133064931 10764931000  3
  133064950 10764950000  3
  133064971 10764971000  4
  100808594 10808594000  3
  130064600 10964600000  2
  130064601 10964601000  2
  130064605 10964605000  1
  130064610 10964610000  2
  130064650 10964650000  3
  130064655 10964655000  2
  130064658 10964658000  2
  130064660 10964660000  3
  130064661 10964661000  2
  130064662 10964662000  2
  131064700 11064700000  3
  131064706 11064706000  3
  131064709 11064709000  1
  131064750 11064750001  3
  131064756 11064756000  3
  128064400 11264400000  3
  128064401 11264401000  3
  128064402 11264402000  3
  128064405 11264405000  3
  128064450 11264450000  4
  128064452 11264452000  3
  128064453 11264453000  3
  128064454 11264454000  3
  128064456 11264456000  3
  128064458 11264458000  3
  139065528 11365528000  4
  139065536 11365536000  1
  139065545 11365545000  4
  139065548 11365548000  3
  139065555 11365555000  1
  139065557 11365557000  4
  139065560 11365560000  3
  139065562 11365562000  3
  139065563 11365563000  1
  139065578 11365578000  3
  139065585 11365585000  4
  139065592 11365592000  4
  139065594 11365594000  1
  139065599 11365599000  2
  118063125 11463125000  2
  115062306 11562306000  3
  115062366 11562366000  3
  115062414 11562414001  4
  115062432 11562432000  4
  120063331 11763331000  4
  120063402 11763402000  4
  120063450 11763450000  3
  120063471 11763471000  4
  137065442 11965442000  4
  137065467 11965467000  4
  137065472 11965472000  4
  111061809 12061809000  2
  111061811 12061811000  2
  111061816 12061816000  2
  111061818 12061818000  1
  111061820 12061820000  3
  111061829 12061829000  2
  111061832 12061832000  3
  111061847 12061847000  3
  111061849 12061849000  2
  122063619 12263619000  1
  122063686 12263686000  2
  122063723 12263723000  2
  122063740 12263740000  1
  122063799 12263799000  2
  114062002 12462002000  2
  114062007 12462007000  4
  114062008 12462008000  1
  114062010 12462010005  4
  114062016 12462016000  2
  114062019 12462019000  2
  114062053 12462053000  3
  114062055 12462055000  2
  114062056 12462056000  2
  114062059 12462059000  3
  114062124 12462124000  2
  114062131 12462131000  2
  114062271 12462271000  3
  143067009 12567009000  3
  143067019 12567019000  3
  143067025 12567025000  2
  143067027 12567027000  3
  143067073 12567073000  3
  143067083 12567083000  2
  143067095 12567095000  3
  143067143 12567143000  2
  143067161 12567161000  3
  143067197 12567197000  3
  146067693 12667693000  4
  106061202 12761202000  2
  106061214 12761214000  3
  106061223 12761223000  3
  106061226 12761226000  3
  106061230 12761230000  2
  106061250 12761250000  3
  106061257 12761257000  2
  106061265 12761265000  3
  106061270 12761270000  3
  106061272 12761272000  1
  106061277 12761277000  3
  106061285 12761285000  2
  106061291 12761291000  3
  106061293 12761293000  3
  106061296 12761296000  3
  106061297 12761297000  3
  107061415 12861415000  4
  107061421 12861421000  4
  107061437 12861437000  2
  107061442 12861442000  4
  107061450 12861450000  2
  107061461 12861461000  2
  107061489 12861489000  2
  107061497 12861497000  4
  107061498 12861498000  2
  107061499 12861499000  2
  113861974 12961974000  3
  113861986 12961986000  3
  113861988 12961988000  3
  113861990 12961990000  3
  102060150 13060150000  1
  102060155 13060155000  3
  102060230 13060230000  3
  102060250 13060250000  1
  102060265 13060265000  1
  144067215 13167215001  4
  144067217 13167217001  4
  144067237 13167237000  3
  144067261 13167261000  4
  144067283 13167283000  4
  144067297 13167297000  4
  144067323 13167323000  4
  144067341 13167341001  5
  147668110 13268110000  2
  105061017 13361017000  3
  105061024 13361024000  3
  105061036 13361036000  3
  105061043 13361043000  2
  105061049 13361049000  3
  105061052 13361052000  3
  105061075 13361075000  1
  105061080 13361080000  1
  105061090 13361090000  3
  105061091 13361091000  1
  105061096 13361096000  3
  105061099 13361099000  2
  100608522 13508522000  4
  108061600 13761600000  2
  108061612 13761612000  1
  108061627 13761627000  2
  108061630 13761630000  3
  108061641 13761641000  3
  108061666 13761666000  1
  108061679 13761679000  3
  108061687 13761687000  3
  108061695 13761695000  3
  108061698 13761698000  4
  108061699 13761699000  4
  124063980 13863980000  2
  112061856 13961856000  4
  112061866 13961866000  1
  112061878 13961878000  1
  112061881 13961881000  1
  112061886 13961886000  3
  148068174 14168174000  4
  148068262 14168262000  1
  148068368 14168368000  4
  148068424 14168424000  2
  148068438 14168438000  4
  148068442 14168442000  2
  148068461 14168461000  1
  148068476 14168476001  1
  148068588 14168588000  4
  148068618 14168618000  2
  148068816 14168816003  0
  148068828 14168828000  3
  148068842 14168842000  4
  148068858 14168858000  5
  101060010 14260010000  1
  101060015 14260015000  2
  101060020 14260020000  3
  101060030 14260030001  3
  101060035 14260035000  1
  102460320 14260320000  1
  102460338 14260338000  1
  113061996 14361996001  3
  113061997 14361997001  2
  113061998 14361998000  3
  101460096 14460096000  3
  148068906 14568906000  4
  148068994 14568994000  0
  113061902 14661902000  3
  113061901 14761901001  2
  116062600 14862600001  4
  116062640 14862640000  3
  116062641 14862641000  4
  116062650 14862650000  3
  116062660 14862660000  3
  116062680 14862680000  3
  116062721 14862721000  5
  116062730 14862730000  4
  116062750 14862750000  3
  116062751 14862751000  4
  116062752 14862752000  4
  116062760 14862760000  4
  116062762 14862762000  3
  116062771 14862771000  5
  116062772 14862772000  3
  116062795 14862795000  4
  116062805 14862805000  3
  116062810 14862810000  2
  123063832 14963832000  4
  123063862 14963862000  2
  123063894 14963894000  3
  123063962 14963962000  3
  123063971 14963971000  2
  109061701 15061701001  5
  136065351 15165351000  1
  136065352 15165352000  3
  136065355 15165355000  1
  136065357 15165357000  1
  136065361 15165361000  3
  136065376 15165376000  4
  136065380 15165380000  2
  136065387 15165387000  3
  104060715 15260715000  3
  104060725 15260725000  3
  104060735 15260735000  2
  104060745 15260745000  2
  104060765 15260765000  4
  125064040 15464040000  2
  125064210 15464210000  2
  145067475 15567475000  3
  145067633 15567633000  3
  145067663 15567663000  4
  145067743 15567743000  3
  147067775 15667775000  5
  147067964 15667964000  5
  207040911 20140911000  5
  207040942 20140925001  2
  207040948 20140948000  4
  203241150 20241150000  3
  225050527 20550527000  4
  225050745 20550745000  3
  225051076 20551076000  2
  225051431 20551431000  2
  225051463 20551463000  2
  225051709 20551709000  3
  225051777 20551777000  2
  225051828 20551828000  6
  225052203 20552203000  2
  225052533 20552533000  2
  225052836 20552836000  2
  225052889 20552889000  6
  225053068 20553068001  6
  225053614 20553614000  2
  225053772 20553772000  2
  225054292 20554292000  2
  225054342 20554342000  3
  225054511 20554511000  4
  225054857 20554857000  4
  225056294 20556294000  4
  225056571 20556571000  2
  225056739 20556739000  2
  225056778 20556778000  4
  225056985 20556985000  2
  225057036 20557036000  4
  225057083 20557083000  2
  225057461 20557461000  2
  225057745 20557745000  2
  225057993 20557993000  2
  225058362 20558362001  6
  225058606 20558606000  2
  225059287 20559287000  2
  225059316 20559316000  2
  225059431 20559431000  2
  225059758 20559758000  2
  217647014 20647014000  4
  217647016 20647016000  2
  217647025 20647025001  1
  217647035 20647035000  2
  217647055 20647055000  2
  217647058 20647058000  5
  217647069 20647069000  2
  210042027 20742027000  3
  210042071 20742071000  3
  210042147 20742147000  3
  210042165 20742165000  3
  210042182 20742182000  3
  210042295 20742295000  5
  210042314 20742314000  3
  210042339 20742339000  2
  210042391 20742391000  3
  210042410 20742410000  3
  210042475 20742475000  3
  210042515 20742515000  3
  210042587 20742587000  3
  210042599 20742599001  3
  210042619 20742619000  1
  210042647 20742647000  3
  210042671 20742671000  3
  210042731 20742731000  3
  210042754 20742754000  2
  210042807 20742807000  3
  210042867 20742867000  2
  210042909 20742909000  3
  210042933 20742934000  2
  211043041 20743041000  2
  211043057 20743057000  3
  211043063 20743063000  2
  211043128 20743128001  3
  211043149 20743150000  2
  211043185 20743185000  3
  211043192 20743192000  2
  211043198 20743198000  3
  211043279 20743279000  3
  211043295 20743295000  3
  211043314 20743314000  2
  211043333 20743333000  2
  211043363 20743363000  2
  211043369 20743369000  3
  211043371 20743371000  3
  206040706 20840706000  2
  206040712 20840712000  3
  206040718 20840718000  3
  206040729 20840729000  1
  206040732 20840732000  2
  206040736 20840736000  2
  206040745 20840745000  2
  206040754 20840754000  2
  206040757 20840757000  2
  206040766 20840766000  3
  206040800 20840800000  2
  206040831 20840831000  2
  206040841 20840841000  2
  206040848 20840848000  2
  206040856 20840856000  2
  206040858 20840858000  2
  206040875 20840875000  2
  219047401 21047401000  2
  219047407 21047407000  2
  219047409 21047409000  2
  219047412 21047412000  4
  219047418 21047418000  1
  219047420 21047420000  2
  219047421 21047421000  1
  219047426 21047426000  2
  219047430 21047430000  3
  219047575 21047575000  3
  219047582 21047582000  2
  219047585 21047585000  2
  219047590 21047590000  2
  219047598 21047598000  1
  219047600 21047600000  2
  219047602 21047602000  1
  219047604 21047604000  3
  219047605 21047605000  2
  219047618 21047618000  2
  219047624 21047624002  2
  219047636 21047636000  5
  219047648 21047648000  2
  219047655 21047655000  2
  219047662 21047662000  3
  219047663 21047663000  1
  219047675 21047675000  1
  219047678 21047678000  2
  219047740 21047740000  1
  219047741 21047741000  3
  219047744 21047744000  2
  219047750 21047750000  1
  219047755 21047755000  3
  219047765 21047765000  2
  219047772 21047772000  3
  219047778 21047778000  2
  219047800 21047800000  2
  219047807 21047807000  5
  219047815 21047815000  2
  219047817 21047817000  2
  219047827 21047827000  4
  219047830 21047830000  2
  219047837 21047837000  1
  219047843 21047843000  1
  219047887 21047887000  1
  219047891 21047891000  3
  219047893 21047893000  2
  219047898 21047898000  2
  219047899 21047899000  1
  219047909 21047909000  2
  219047918 21047918000  2
  219047927 21047927000  2
  219047936 21047936000  2
  219047945 21047945000  2
  219047971 21047971001  3
  219047991 21047991000  3
  201028952 21128952000  7
  201035394 21135394000  7
  201035700 21135700001  6
  201035796 21135796000  5
  201035925 21135925000  2
  201036177 21136177000  6
  201036870 21136870000  6
  201038001 21138001000  4
  203040582 21240581001  5
  223048930 21448930000  4
  223048938 21448938000  3
  223048940 21448940000  3
  223048947 21448947000  3
  223048948 21448948000  2
  223048955 21448956001  4
  214044203 21544203000  1
  214044207 21544207000  1
  214044213 21544213000  1
  214044214 21544214000  3
  214044215 21544215000  1
  214044218 21544218000  1
  214044225 21544225000  1
  214044230 21544230000  1
  214044231 21544231000  2
  214044232 21544232000  1
  214044237 21544237000  1
  214044239 21544239000  2
  214044241 21544241001  1
  214044259 21544259000  2
  214044272 21544272000  3
  214044277 21544277000  3
  214044282 21544282000  1
  214044284 21544284000  1
  214044285 21544285000  1
  214044287 21544287000  1
  214044288 21544288000  2
  214044292 21544292002  3
  214044294 21544294000  1
  214044298 21544298000  1
  214044302 21544302000  1
  214044304 21544304000  1
  214044305 21544305000  1
  214044341 21544341000  2
  214044347 21544347000  1
  214044352 21544352000  1
  214044354 21544354000  3
  214044358 21544358000  1
  214044373 21544373000  3
  220048008 21648008000  4
  220048042 21648042000  4
  220048062 21648062001  4
  220048097 21648097001  4
  220048112 21648112000  4
  214644454 21744454000  2
  203841256 21841256000  1
  203841288 21841288000  2
  203841314 21841314000  1
  203841316 21841316000  2
  209041530 21941530000  3
  209041560 21941560000  5
  209041598 21941598000  3
  209041620 21941620001  5
  209041624 21941624000  4
  209041640 21941640000  5
  209041660 21941661002  5
  209041675 21941675000  6
  209041712 21941712000  4
  209041715 21941715000  6
  209041739 21941739000  5
  209041756 21941756000  3
  209041768 21941768000  3
  209041780 21941780000  4
  218047101 22147101000  0
  218047105 22147105000  4
  218047108 22147108000  0
  218047112 22147112000  2
  218047115 22147115000  0
  218047133 22147133000  0
  218047135 22147135000  0
  218047138 22147138000  0
  218047159 22147159000  0
  218047165 22147165000  5
  218047168 22147168000  0
  218047184 22147184000  0
  201020046 22220046000  3
  201020069 22220069000  3
  201020292 22220292000  5
  201020674 22220674000  6
  201020891 22220891000  6
  201021432 22221432000  4
  201021946 22221946000  6
  201021965 22221965000  3
  201023146 22223146000  4
  201023205 22223205000  4
  201023219 22223219000  4
  201023330 22223330000  2
  201023472 22223472000  5
  201023552 22223552000  2
  201023724 22223724000  4
  201023804 22223804000  4
  201023884 22223884000  7
  201023933 22223933000  8
  201024105 22224105000  2
  201024125 22224125000  5
  201024143 22224143000  2
  201024266 22224266000  6
  201024507 22224507000  6
  201024641 22224641000  5
  201024688 22224688000  6
  201024738 22224738000  4
  201024817 22224817000  6
  201024959 22224959000  7
  201025173 22225173000  6
  201025248 22225248000  3
  201025325 22225325000  2
  201025399 22225399000  2
  201025400 22225400000  3
  201025563 22225563000  7
  201025703 22225703000  7
  201025744 22225744000  4
  201025954 22225954000  6
  201028225 22228225000  4
  201028275 22228275000  7
  201028440 22228440001  7
  201028698 22228698000  7
  201029231 22229231000  7
  201029263 22229263000  6
  201029282 22229282000  4
  201029574 22229570000  6
  201029838 22229838000  6
  201029866 22229866000  8
  201030054 22230054000  5
  201030230 22230230000  8
  201030309 22230309000  4
  201030469 22230469000  2
  201030554 22230554000  2
  201030635 22230635000  3
  201030673 22230673000  4
  201030710 22230710000  9
  201030758 22230758000  8
  201031004 22231004000  5
  201031088 22231088000  7
  201031168 22231168000  4
  201031253 22231253000  5
  201031369 22231369000  8
  201031416 22231416000  4
  201031510 22231510000  8
  201031735 22231736000  7
  201031960 22231960000  7
  201032150 22232150000  4
  201032195 22232195000  2
  201032411 22232411000  4
  201032540 22232583000  5
  201032618 22232618000  2
  201035121 22235121000  4
  202040356 22340356000  3
  202040373 22340373000  2
  202040375 22340375000  2
  202040394 22340394000  2
  202040400 22340400000  1
  202040405 22340405000  1
  202040416 22340416000  3
  202040430 22340430000  2
  202040438 22340438000  4
  202040439 22340440000  2
  202041036 22341036000  2
  202041140 22341141000  2
  212043418 22443418000  5
  212043466 22443466000  3
  212043497 22443497000  1
  216045011 22545011000  2
  215045005 22645005000  3
  221048327 22848327000  3
  221048354 22848354000  4
  221048378 22848378000  5
  221048400 22848400000  5
  221048431 22848431000  4
  221048455 22848455000  4
  221048462 22848462000  5
  221048480 22848480000  4
  221048500 22848500000  4
  221048517 22848517000  4
  221048568 22848568000  4
  201038507 22938507000  8
  201038687 22938687000  4
  201038880 22938880000  7
  201038262 23138262000  7
  201038413 23138413000  4
  201038457 23138457000  6
  222048820 23248820000  3
  222048826 23248826000  2
  222048855 23248855000  4
  222048877 23248877000  2
  204441480 23341480001  3
  313087007 30187007000  2
  313087046 30187046000  2
  313087047 30187047000  3
  313087065 30187065000  3
  313087078 30187078000  3
  313087129 30187129000  3
  313087149 30187149000  2
  313087155 30187155000  2
  313087162 30187162000  2
  313087166 30187166000  3
  313087178 30187178000  3
  313087217 30187217000  3
  313087222 30187222000  4
  313087257 30187257000  2
  313087270 30187270000  4
  313087289 30187289000  3
  313087305 30187305000  2
  313087311 30187311000  2
  313087322 30187322000  2
  313087344 30187344000  3
  313087349 30187349000  3
  313087374 30187374000  3
  313087395 30187395000  2
  313087418 30187418000  3
  313087436 30187436000  3
  313087448 30187448000  2
  313087453 30187453000  3
  313087480 30187480000  3
  313087497 30187497000  4
  313087509 30187509000  4
  313087534 30187534000  3
  313087544 30187544000  4
  313087548 30187548000  3
  313087576 30187576000  3
  313087585 30187585000  3
  313087582 30187585001  1
  313087596 30187596000  2
  313087623 30187623000  3
  313087642 30187642000  3
  313087648 30187648000  3
  313087679 30187679000  2
  313087688 30187688000  2
  313087692 30187692000  4
  313087715 30187715000  2
  313087750 30187750001  3
  313087765 30187765000  3
  313087774 30187774000  4
  313087784 30187784000  3
  313087814 30187789001  3
  313087791 30187791000  2
  313087803 30187803000  4
  313087828 30187828000  3
  313087860 30187860000  3
  313087880 30187880000  2
  313087896 30187896000  3
  313087903 30187903000  4
  313087909 30187909000  2
  313087925 30187925000  3
  313087934 30187934000  2
  313087938 30187938000  3
  306082106 30382106000  2
  306082191 30382191000  3
  306082280 30382280000  1
  306082331 30382331000  4
  306082397 30382397000  2
  306082410 30382410000  1
  306082571 30382571000  1
  306082578 30382578000  1
  306082586 30382586000  3
  306082668 30382668000  1
  306082678 30382678000  1
  306082704 30382704000  1
  306082765 30382765000  1
  306082825 30382825000  5
  306082861 30382861000  2
  306082900 30382900000  3
  306082915 30382915000  2
  306082983 30382983000  1
  306083064 30383064000  2
  306083096 30383096000  4
  306083229 30383229000  2
  306083288 30383289000  1
  306083361 30383361000  2
  306083377 30383378000  4
  306083437 30383437000  1
  306083498 30383498000  3
  306083552 30383552000  2
  306083579 30383579000  1
  306083587 30383587000  2
  306083611 30383611000  5
  306083650 30383650000  1
  306083692 30383692000  3
  306083702 30383702000  1
  306083766 30383768000  3
  306083781 30383781000  3
  306083842 30383842000  3
  306083897 30383897000  3
  306083967 30383971000  4
  306083997 30383997000  1
  310085406 30485406000  4
  310085442 30485442000  3
  310085469 30485469000  4
  310085470 30485470000  2
  310085488 30485488000  4
  310085543 30485543000  2
  310085574 30485574000  1
  310085577 30485577000  1
  310085585 30485585000  6
  310085629 30485629000  2
  310085682 30485682000  3
  310085743 30485743000  2
  310085766 30485766000  2
  310085782 30485782000  2
  310085799 30485799000  2
  310085862 30485862000  3
  310085874 30485874000  2
  310085934 30485934000  4
  301080009 30580009000  1
  301080022 30580022000  1
  301080028 30580028001  1
  301080091 30580091001  1
  301080094 30580094000  2
  301080097 30580097002  3
  301080222 30580222000  1
  301080234 30580234000  1
  301080241 30580241000  1
  301080259 30580259001  2
  301080315 30580315001  2
  301080370 30580370001  2
  301080398 30580398000  1
  302080447 30580447000  4
  303081001 30781001000  2
  311086033 30886033000  2
  311086065 30886065000  3
  311086068 30886068000  4
  311086086 30886086000  4
  311086097 30886097000  4
  311086134 30886134000  4
  311086218 30886218000  2
  311086223 30886223001  2
  311086233 30886233001  4
  311086248 30886248001  4
  311086255 30886255000  3
  311086260 30886260000  2
  311086297 30886297000  4
  308084370 30984370000  4
  308084377 30984377000  4
  308084390 30984390000  4
  308084401 30984401000  3
  308084425 30984425000  3
  308084444 30984444000  3
  308084452 30984452000  2
  308084455 30984455000  3
  308084472 30984472000  3
  308084474 30984474000  3
  308084501 30984501000  3
  308084515 30984515000  4
  308084531 30984531000  3
  308084534 30984534000  3
  308084542 30984542000  2
  308084564 30984564000  2
  308084628 30984628000  3
  308084658 30984658000  4
  308084673 30984673000  3
  308084686 30984686000  3
  308084691 30984691000  4
  308084721 30984721000  2
  308084735 30984735000  3
  308084782 30984782000  2
  305081405 31081405000  3
  304081225 31281225000  2
  312086330 31386330000  2
  312086360 31386360000  3
  312086440 31386440000  2
  312086460 31386460000  3
  312086490 31386490000  3
  312086500 31386500000  1
  312086560 31386560000  2
  312086565 31386565000  4
  312086580 31386580000  3
  302080403 31480403000  3
  302080407 31480407000  3
  302080410 31480410000  3
  302080413 31480413000  2
  302080415 31480415000  3
  302080416 31480416001  3
  302080419 31480419000  3
  302080423 31480423001  3
  302080435 31480435000  4
  302080438 31480438000  3
  302080444 31480444000  3
  302080450 31480450000  3
  302080453 31480453000  4
  302080457 31480457000  3
  302080462 31480462000  3
  427078954 40178954000  3
  413078583 40278583000  4
  402071043 40371043000  5
  402071072 40371072000  6
  402071081 40371081000  5
  402071090 40371090000  6
  402071101 40371101000  3
  402071109 40371109000  4
  402071600 40371600000  5
  402071601 40371601000  6
  402071624 40371624000  4
  402071627 40371627000  7
  402071707 40371707000  6
  402071722 40371722000  5
  402071727 40371727000  5
  402071731 40371731000  7
  402071803 40371803000  6
  402071811 40371811000  5
  402071815 40371815000  4
  402071816 40371816000  5
  402071831 40371831000  5
  402071836 40371836000  7
  402071852 40371852000  7
  402071863 40371863000  6
  402071867 40371867000  6
  402071874 40371874000  5
  402071879 40371879000  7
  402071892 40371892000  4
  402071896 40371896000  8
  402071906 40371906002  6
  402071907 40371907000  5
  402071909 40371909005  4
  402071913 40371913000  6
  402071915 40371915000  5
  402071917 40371917000  6
  402071924 40371924000  5
  402071925 40371925000  5
  402071926 40371926000  5
  402071934 40371934001  6
  402071938 40371938000  5
  402071945 40371945000  6
  402071957 40371957000  6
  402071964 40371964000  6
  430080001 40480001000  4
  418078760 40578760000  5
  418078762 40578762000  3
  418078767 40578767000  5
  407078325 40678325000  3
  411078486 40778486000  2
  410078439 41178439000  1
  416078705 41278705000  2
  416078708 41278708000  5
  416078720 41278720000  4
  409078388 41378388000  2
  409078397 41378397000  2
  404076225 41476225000  5
  404076382 41476382000  3
  404076390 41476390000  3
  404076393 41476393000  5
  404076405 41476405000  4
  404076458 41476458001  3
  404076525 41476525000  4
  404076548 41476548000  3
  404076556 41476556000  5
  404076577 41476577000  5
  404076593 41476593000  2
  404076612 41476612000  5
  404076644 41476644000  5
  404076654 41476654000  3
  404076680 41476680000  4
  404076692 41476692000  2
  404076741 41476741000  3
  404076750 41476750000  2
  404076805 41476805000  3
  404076903 41476903000  3
  417078741 41578741001  4
  402671805 41971805000  1
  423078897 41978897000  3
  425078925 41978925001  2
  422078866 42078866000  2
  429278988 42078988000  3
  412078526 42178526000  1
  406078073 42378073000  3
  428078970 42478970000  3
  401070026 42570026000  0
  401070133 42570133000  0
  401070200 42570200000  0
  401070231 42570231000  6
  401070261 42570261000  0
  401070273 42570273000  0
  401070308 42570308000  1
  401070316 42570316000  0
  401070326 42570326000  0
  401070361 42570361000  0
  401070398 42570398000  0
  403072202 42572202000  0
  403072203 42572203000  0
  403072205 42572205000  0
  403072206 42572206004  3
  403072211 42572211000  0
  403072217 42572217000  0
  403072218 42572218000  0
  403072219 42572219000  1
  403072223 42572223000  0
  403072226 42572226000  0
  403072234 42572234000  0
  403072235 42572235000  1
  403072240 42572240000  0
  403072242 42572242000  6
  403072243 42572243004  0
  403072248 42572248000  0
  403072250 42572250000  0
  403072254 42572254000  0
  403072255 42572255000  0
  403072256 42572256000  0
  403072259 42572259000  0
  403072263 42572263000  0
  403072265 42572265000  0
  403072266 42572266000  2
  403072267 42572267000  0
  403072274 42572274000  0
  403072278 42572278000  3
  403072290 42572290000  4
  403072295 42572297005  4
  403072306 42572306000  1
  403072314 42572314000  1
  403072315 42572315000  1
  403072317 42572317000  0
  403072324 42572324000  0
  403072327 42572327000  3
  403072326 42572334009  1
  403072340 42572340000  2
  403072344 42572344000  2
  403072351 42572351000  0
  403072353 42572353000  1
  403072356 42572356000  0
  403072363 42572363000  0
  403072365 42572365000  1
  403072386 42572386000  0
  403072394 42572394000  0
  403072401 42572401000  0
  403072405 42572405000  1
  403072406 42572406004  0
  403072407 42572407000  0
  403072408 42572408009  1
  403072411 42572411000  0
  403072412 42572412000  0
  403072414 42572414000  0
  403072421 42572421000  0
  403072422 42572422000  0
  403072423 42572423000  0
  403072425 42572425000  0
  403072428 42572428002  0
  403072429 42572429000  0
  403072432 42572432000  0
  403072434 42572434000  2
  403072438 42572438000  1
  403072440 42572440000  0
  403072445 42572445000  0
  403072450 42572450000  0
  403072451 42572451000  2
  403072456 42572456000  2
  403072458 42572458000  2
  403072465 42572465000  0
  403072469 42572469000  0
  403072476 42572476000  0
  403072486 42572486000  0
  403072494 42572494000  2
  403072508 42572508000  0
  403072509 42572509000  0
  403072513 42572513000  0
  403072520 42572520000  3
  403072521 42572521007  0
  403072525 42572525003  0
  403072530 42572530003  0
  403072532 42572532000  0
  403072533 42572533000  0
  403072535 42572535004  0
  403072536 42572536000  0
  403072537 42572537005  1
  403072544 42572544007  0
  403072546 42572546000  3
  403072552 42572552000  0
  403072553 42572553000  0
  403072556 42572556000  0
  403072557 42572557000  0
  403072562 42572562000  2
  403072569 42572569000  0
  403072572 42572572000  0
  403072576 42572576000  0
  403072578 42572578000  0
  403072597 42572597000  0
  403072605 42572605003  0
  403072635 42572635000  1
  403072636 42572636002  0
  403072637 42572637000  0
  403072640 42572640000  1
  403072641 42572641000  3
  403072644 42572644000  0
  403072645 42572645000  0
  403072651 42572651000  0
  403072654 42572654000  5
  403072677 42572677000  1
  403072681 42572681000  0
  403072688 42572688000  0
  403072698 42572698000  3
  403072712 42572712000  0
  403072734 42572734003  0
  403072743 42572743006  2
  403072745 42572745000  2
  403072747 42572747000  0
  403072753 42572753000  0
  403072764 42572764000  0
  403072767 42572767000  1
  403072773 42572773000  0
  403072781 42572781000  0
  403072793 42572793005  0
  403072797 42572797000  0
  607004220 42604220000  3
  607004250 42604250000  3
  607004320 42604320000  3
  607004360 42604360000  3
  607004390 42604390000  3
  525094120 50194120000  4
  525094150 50194150000  1
  525094175 50194175000  4
  526094203 50194203000  4
  526094212 50194212000  5
  526094238 50194238001  0
  526094287 50194287000  3
  526094294 50194294000  5
  526094299 50194299000  0
  527094300 50194300000  4
  527094302 50194302000  1
  527094312 50194312000  5
  527094326 50194326000  4
  527094332 50194332000  0
  527094346 50194346000  5
  527094367 50194367000  5
  527094374 50194374000  3
  527094380 50194380000  5
  528094403 50194403000  2
  528094430 50194430000  4
  528094461 50194461000  4
  528094510 50194510000  4
  528094527 50194527000  5
  528094578 50194578001  3
  529094610 50194610001  3
  529094637 50194637000  4
  529094638 50194638000  4
  529094653 50194653000  4
  529094659 50194659000  3
  529094672 50194672000  4
  529094693 50194693000  4
  529094711 50194711000  3
  529094767 50194767000  2
  529094776 50194776000  5
  529094791 50194791000  4
  529094802 50194802001  5
  530094821 50194821000  5
  530094865 50194865000  4
  530094907 50194907000  0
  530094910 50194910000  3
  530094926 50194926000  4
  531094968 50194968000  5
  531094975 50194975000  3
  529094646 50195646001  4
  511091650 50291650000  2
  511091652 50291652000  2
  511091680 50291680000  3
  511091683 50291683000  2
  511091699 50291699000  2
  509091610 50491610000  2
  501048601 50548601000  2
  501048615 50548615000  2
  501048647 50548647000  2
  501048657 50548657000  2
  501048665 50548665000  2
  501048674 50548674000  3
  534096413 50596413000  2
  534096421 50596421000  3
  534096441 50596441000  3
  534096449 50596449000  3
  534096465 50596465000  1
  534096471 50596471000  2
  534096491 50596491000  3
  523093119 50793119000  2
  523093780 50793781000  3
  523093844 50793844000  4
  523093945 50793945000  5
  523093987 50793987000  5
  524094003 50894003000  1
  524094014 50894014000  3
  524094027 50894023001  5
  524094035 50894035000  5
  524094044 50894044000  2
  524094085 50894085000  4
  542098135 50998135000  3
  542098223 50998223000  2
  542098232 50998232000  3
  542098233 50998233000  2
  542098325 50998325000  3
  542098328 50998328000  2
  542098330 50998330000  1
  542098429 50998429000  5
  542098431 50998431000  3
  542098444 50998444000  3
  542098550 50998550000  3
  542098644 50998644000  3
  542098646 50998646000  3
  542098653 50998653000  3
  542098836 50998836000  3
  502048698 51148698000  1
  504091520 51291520000  1
  532094995 51394995000  4
  532094996 51394996000  5
  532094998 51394998000  5
  537096996 51396996000  5
  508091577 51491577000  3
  508091592 51491592000  4
  517091925 51491925000  4
  519091930 51491930000  2
  519091938 51491938000  5
  520091943 51491943000  4
  520091944 51491944000  1
  520091945 51491945000  1
  520091948 51491948001  3
  520091952 51491952000  1
  521091954 51491954000  3
  521091958 51491958000  4
  513091753 51591753000  4
  516091843 51591843000  5
  523093994 51593997000  5
  503091217 51691217000  0
  503091245 51691245000  4
  503091334 51691334000  5
  503091348 51691348000  5
  503091366 51691366000  1
  503091376 51691376000  0
  503091408 51691408000  1
  503091413 51691413000  1
  514091762 51691742000  3
  510091643 51891643000  3
  503091165 51991165000  0
  503091182 51991182000  0
  503091190 51991190000  0
  503091285 51991285000  0
  507091554 52091554001  2
  507091568 52091568000  4
  618011028 60311028000  1
  618011035 60311035000  3
  618011146 60311146000  2
  618011150 60311150000  3
  618011231 60311231000  3
  618011240 60311240000  2
  618011120 60311320002  3
  631026850 60526850000  7
  610006447 60606447000  3
  622013354 60713354001  2
  625015511 60815511000  1
  625015552 60815552000  1
  625015614 60815614000  3
  625015655 60815655000  4
  621413129 60914236000  3
  621413334 60914445000  3
  630017609 61017609000  2
  619011406 61111406000  4
  619011518 61111518000  3
  619011520 61111520000  1
  619011723 61111723000  1
  619011782 61111782000  3
  608006030 61206030000  1
  608006190 61206190000  1
  631026038 61326038000  7
  603002836 61402836000  3
  603002869 61402869000  1
  603002875 61402875000  1
  603002897 61402897000  3
  603002911 61402912000  3
  603002929 61402929000  1
  603002935 61402935000  3
  603002958 61402959000  1
  603002963 61402963000  3
  603002972 61402972000  3
  603002974 61402974001  4
  613007110 61507110000  3
  613007150 61507149002  5
  613007180 61507180000  3
  613007190 61507190000  3
  613007222 61507222000  3
  613007255 61507255000  3
  613007280 61507280000  3
  613007434 61507434000  3
  613007480 61507480001  3
  613007510 61507510000  3
  613007630 61507630000  3
  613007645 61507645000  3
  613007650 61507652001  3
  613007690 61507690000  3
  613007747 61507747000  3
  613007761 61507761000  3
  631037549 61637549000  5
  617010035 61710037000  1
  617010147 61710147000  1
  617010170 61710170000  1
  617010177 61710177000  2
  617010184 61710184000  1
  617010203 61710203001  1
  617010338 61710338000  1
  617010361 61710361000  1
  617010379 61710379000  1
  617010381 61710381000  2
  617010384 61710384000  5
  617010393 61710393000  1
  617010410 61710410000  1
  617010438 61710438000  1
  617010453 61710453000  1
  617010469 61710469000  1
  617010488 61710488000  3
  617010499 61710499000  2
  617010548 61710548000  1
  617010554 61710554000  1
  617010578 61710578000  1
  617010609 61710609000  2
  617010727 61710727000  1
  617010739 61710739000  2
  617010763 61710763000  3
  617010929 61710929000  1
  617010961 61710961000  3
  617010962 61710962000  2
  628016622 61816622000  4
  628016641 61816641000  3
  628016648 61816648000  4
  628016714 61816714000  3
  628016716 61816716000  4
  628016726 61816726000  2
  628016746 61816746000  4
  628016754 61816754000  3
  621012772 61912772000  2
  621012843 61912843000  2
  621012882 61912882000  4
  621012942 61912942000  2
  621012982 61912982000  3
  606004018 62004018000  5
  606004063 62004063000  3
  606004082 62004082001  3
  606004030 62004130000  3
  605003953 62103953000  5
  605003955 62103955000  4
  605003957 62103957000  5
  605003962 62103962000  5
  605003967 62103967000  1
  605003969 62103969000  3
  605003970 62103970000  6
  605003976 62103976000  4
  605003980 62103980000  4
  634040180 62240180001  3
  634040184 62240184000  4
  634040199 62240199000  4
  626016045 62316045001  2
  626016090 62316090000  3
  626016110 62316110000  5
  626016149 62316149000  3
  626016158 62316158000  4
  626016191 62316191000  2
  626016230 62316230000  3
  626016232 62316232000  1
  626016320 62316320000  3
  626016325 62316325000  1
  626016410 62316410000  1
  626016420 62316420000  4
  626016429 62316429000  4
  626016560 62316560000  4
  635040250 62440250000  1
  635040255 62440255000  1
  635040270 62440270000  1
  635040310 62440310000  1
  631026422 62626422000  3
  631026629 62826629000  7
  631026730 62826730000  5
  611006590 62906590000  2
  627016597 63016597000  3
  609006260 63306260000  3
  601001001 63401001000  3
  601001008 63401008000  2
  601001025 63401025001  4
  601001028 63401028000  3
  601001098 63401098000  3
  601001152 63401152000  3
  601001241 63401241000  3
  601001317 63401317001  2
  601001384 63401384000  3
  601001415 63401415000  2
  620012120 63512120000  2
  620012160 63512160000  3
  620012205 63512205000  4
  620012295 63512295000  4
  620012330 63512330000  4
  620012375 63512375000  4
  620012424 63512424000  5
  620012497 63512497000  2
  620012695 63512695000  4
  616008506 63608506000  2
  616008513 63608513000  1
  616008515 63608515000  4
  616008535 63608535001  1
  616008546 63608546000  1
  616008549 63608549000  1
  616008554 63608554000  1
  616008557 63608557000  2
  616008562 63608562000  1
  616008571 63608571000  2
  616008575 63608575000  2
  624015085 63715085000  3
  624015090 63715090000  4
  624015120 63715120000  3
  624015247 63715247000  3
  624015260 63715260000  3
  624015360 63715360000  3
  624015420 63715420001  4
  624015480 63715480000  1
  631022113 63822113000  5
  631022165 63822165000  4
  631022550 63822550000  7
  631022602 63822602000  8
  631022802 63822802000  6
  631022837 63822837000  5
  631026063 63826063000  7
  631026179 63826179000  2
  631026298 63826298000  1
  631026477 63826477000  8
  631026702 63826702000  5
  631027037 63827037000  7
  631027196 63827196000  8
  631027595 63827595000  7
  631027612 63827612000  6
  631034122 63834123000  7
  631034172 63834172000  5
  631034731 63834731000  7
  631034880 63834880000  6
  631037050 63837050000  7
  622013274 63913274000  2
  619011903 64111903000  2
  619011934 64111934000  1
  621213015 64214015000  2
  614008001 64308001000  1
  614008015 64308015000  1
  614008023 64308023000  2
  614008025 64308025001  1
  614008027 64308027000  1
  614008042 64308042001  1
  614008053 64308053000  2
  614008075 64308075000  2
  614008141 64308141000  1
  614008160 64308160000  3
  614008202 64308202000  1
  614008215 64308215000  1
  614008221 64308221000  2
  614008285 64308285000  0
  614008286 64308286001  0
  614008306 64308306000  5
  614008314 64308314001  3
  614008330 64308330000  4
  614008359 64308359001  0
  614008419 64308419000  1
  614008449 64308449000  2
  615008495 64408495000  1
  602002080 64502080000  3
  602002196 64502196000  3
  602002226 64502226000  4
  602002418 64502418000  2
  602002464 64502485000  4
  602002512 64502512000  3
  602002550 64502550000  3
  602002590 64502590000  4
  612006610 64606610000  2
  612006660 64606660000  3
  612006680 64606680000  3
  612006700 64606700000  1
  612006770 64606770000  3
  632040007 64740007000  2
  632040022 64740022000  2
  632040030 64740030000  3
  632040045 64740045000  2
  632040061 64740061000  2
  632040080 64740080000  5
  622013586 64813586000  5
  629017022 64917022000  1
  629017030 64917030000  4
  629017034 64917034000  1
  629017050 64917050000  2
  629017062 64917062000  2
  629017074 64917074000  4
  629017084 64917084000  1
  629017090 64917090000  2
  629017092 64917092000  2
  629017096 64917096000  2
  629017098 64917098000  1
  629017112 64917112000  2
  629017116 64917116000  4
  629017124 64917124000  1
  629017130 64917130002  2
  629017150 64917150000  1
  629017170 64917170000  4
  629017188 64917188000  1
  629017190 64917190000  2
  629017200 64917200000  2
  629017210 64917210000  3
  629017240 64917240000  4
  629017244 64917244000  2
  629017250 64917250000  1
  629017255 64917255000  1
  629017270 64917270000  2
  632040001 64917275002  2
  629017280 64917280000  3
  629017285 64917285000  1
  629017292 64917292000  2
  629017300 64917300000  2
  629017340 64917340000  1
  631033345 65033345000  7
  631033393 65033393000  7
  631033837 65033837000  5
  631033946 65033945002  5
  631034300 65034300000  6
  604003005 65103005000  1
  604003026 65103026000  1
  604003091 65103091000  1
  604003100 65103100000  1
  604003160 65103160000  1
  604003162 65103162000  3
  604003257 65103257000  1
  604003302 65103302000  1
  604003334 65103334000  1
  604003377 65103377001  1
  604003534 65103534000  1
  604003715 65103715001  1
  604003776 65103776000  1
  604003827 65103827000  1
  604003862 65103862000  1
  604003917 65103917000  3
  608006011 65206011000  3
  701088963 70188963000  5
  701088968 70188968000  5
  701089055 70189055000  3
  701089066 70189066000  4
  712089564 70289564000  5
  712089571 70289571000  7
  712089611 70289611000  5
  709089056 70389056000  4
  709089057 70389057000  2
  713089642 70489642000  5
  711089532 70689532000  6
  706089050 70889050000  4
  706089512 70889512000  3
  706089542 70889542000  3
  706089592 70889592000  4
  706089606 70889606000  6
  702089001 70989001000  0
  704089009 71089009000  0
  705089022 71189022000  4
  705089042 71189042000  3
  705089063 71189069000  5
