      70701 14661967000  1
      43323 21047696001  0
      43324 21047764001  0
      42215 21047933001  0
      11706 40678367000  0
      11641 42178526000  1
      11630 42178535003  0
      13601 42278016000  1
      27502 42570026000  0
      26616 42570133000  0
      26533 42570174000  0
      26617 42570200000  0
      26615 42570219000  0
      26510 42570231000  0
      26528 42570251000  0
      26523 42570259000  0
      26411 42570261000  0
      26415 42570267000  0
      26425 42570271000  0
      26451 42570273000  0
      26442 42570275000  1
      26412 42570291001  0
      26410 42570296000  0
      25713 42570308000  1
      25624 42570316000  0
      25503 42570326000  0
      25507 42570341000  0
      25501 42570350000  3
      25309 42570381001  4
      25308 42570398000  0
      12850 42572201001  0
      12839 42572202000  0
      12859 42572202003  0
      12844 42572203000  0
      12815 42572205000  0
      12834 42572205002  0
      93832 42572206002  0
      93837 42572206003  0
      13889 42572206004  3
       3853 42572206005  0
      13878 42572206007  0
      93831 42572207003  0
      12842 42572211000  0
      12816 42572212002  0
      13861 42572213000  0
       3813 42572217000  0
       3820 42572218000  0
      13874 42572219000  1
      13894 42572223000  0
      93842 42572225002  0
      13895 42572226000  0
      13876 42572228000  0
      13871 42572228003  0
       3881 42572229000  0
      12958 42572231005  0
      93919 42572233005  0
      13865 42572234000  0
       3866 42572234004  0
       3940 42572235000  1
       3937 42572240000  0
      12917 42572241001  0
      12944 42572242000  2
      12918 42572243002  0
      12960 42572243004  0
      13957 42572248000  0
      12919 42572250000  0
      12959 42572250001  0
      12928 42572251002  0
      12926 42572251004  0
      12925 42572251006  0
      12962 42572253003  0
      13958 42572254000  0
      12912 42572255000  0
      12935 42572255001  0
      13959 42572256000  0
       3904 42572257001  0
       3927 42572259000  0
      93901 42572259001  0
      13960 42572259002  0
       3969 42572260000  0
      22010 42572261000  0
      93033 42572262001  0
      23034 42572263000  0
      23023 42572265000  0
      23040 42572265002  0
      13962 42572266000  2
      23042 42572267000  0
      93026 42572273002  0
      23160 42572274000  0
      23183 42572278000  3
       3145 42572280000  0
      23195 42572280002  0
      23158 42572280003  0
      23188 42572290000  4
      93112 42572290003  0
      93107 42572293000  0
      93101 42572297003  0
      93114 42572297004  0
      93134 42572297005  3
      93727 42572305001  0
      13722 42572306000  1
      13769 42572308003  0
      13750 42572308004  0
      13754 42572309001  0
      93719 42572309002  0
      13873 42572311000  0
      13881 42572314000  1
       3810 42572314004  0
       3812 42572315000  1
      13877 42572315008  0
      13723 42572317000  0
       3856 42572323001  0
      13882 42572324000  0
       3847 42572326001  0
       3841 42572326004  0
      13897 42572327000  3
      93862 42572332001  0
      13893 42572334000  0
      93839 42572334005  0
       3811 42572334007  0
      13891 42572334009  1
      13963 42572340000  0
      13964 42572344000  0
      13966 42572351000  0
      23007 42572352002  0
      13967 42572353000  1
      13968 42572356000  0
      93042 42572360001  0
      23047 42572363000  0
      23050 42572365000  1
      23194 42572374000  0
      23184 42572376003  0
       3103 42572376004  0
       3159 42572382002  0
      23155 42572384000  0
      23169 42572386000  0
       3160 42572387000  0
      93209 42572390002  0
      93111 42572391001  0
      23273 42572394000  0
      13740 42572401000  0
      93739 42572402001  0
      93738 42572403000  0
      13743 42572405000  1
      13773 42572405002  0
      93721 42572406004  0
      93730 42572407000  0
      13735 42572407002  0
      13781 42572408003  0
      13779 42572408006  0
      13739 42572408009  1
      14793 42572408010  0
      13733 42572410000  2
      13741 42572411000  0
       3872 42572412000  0
       3859 42572412002  0
      13866 42572414000  0
       3804 42572414005  1
      13729 42572417003  0
      13736 42572417010  0
      93814 42572421000  0
      93812 42572421002  0
      93820 42572422000  0
      93821 42572423000  0
       3860 42572425000  0
       3889 42572425001  0
      14821 42572428002  0
      93815 42572429000  0
      93817 42572432000  0
      13994 42572434000  2
       3816 42572435000  0
      93819 42572438000  1
      93822 42572439005  1
      13995 42572440000  0
      13971 42572440001  0
      13987 42572440004  0
       3945 42572445000  0
      13988 42572446006  0
       3928 42572450000  0
      13985 42572451000  2
      23064 42572451003  0
      13996 42572456000  2
      13984 42572458000  2
      23061 42572462000  0
      93058 42572464000  1
      23070 42572464002  0
      23067 42572464004  0
      23065 42572465000  0
      93037 42572466001  0
      23062 42572469000  0
      93129 42572471001  0
      23066 42572476000  0
      23157 42572480002  0
      23153 42572480003  0
      23232 42572483003  1
      23154 42572486000  0
      93102 42572488002  0
      23233 42572491002  0
      23237 42572492000  0
      23234 42572494000  2
       4781 42572501001  1
      14734 42572502003  0
      94789 42572503002  0
      94702 42572504002  0
      14740 42572508000  0
      14739 42572509000  0
      14777 42572513000  0
      14736 42572514001  0
      14750 42572518005  0
      94823 42572520000  3
       4787 42572520005  0
      93824 42572521002  0
      14895 42572521007  0
       4751 42572523001  0
      14820 42572524000  0
      14891 42572524001  0
      14852 42572525003  0
      94846 42572530003  0
      14855 42572530004  0
      14842 42572532000  0
      14827 42572533000  0
      14848 42572535004  0
      94830 42572536000  0
      14825 42572536003  0
      94847 42572537005  1
      14822 42572537006  0
      14833 42572539002  0
      14836 42572539003  0
      94822 42572543002  0
      14923 42572544007  0
      14950 42572545002  0
      14990 42572545004  0
      14933 42572546000  3
      94908 42572547000  0
      94910 42572548003  0
      14940 42572549004  0
      14942 42572550000  2
      14939 42572551006  3
      14935 42572552000  0
      94918 42572553000  0
      14941 42572556000  0
      14943 42572557000  0
      24015 42572561001  0
      24023 42572562000  2
      24028 42572566002  0
      24032 42572567000  0
      24089 42572569000  0
      24127 42572572000  0
      24021 42572576000  0
      24156 42572578000  0
      24133 42572578003  0
      24145 42572578006  0
      24172 42572583002  0
      24216 42572591000  4
      24225 42572597000  0
      14745 42572605003  0
      14755 42572613001  1
      94705 42572614002  0
      14606 42572619002  0
      94860 42572635000  1
      14840 42572636002  0
      14826 42572637000  0
      14845 42572637002  0
      94814 42572638000  0
      14850 42572638002  0
      94849 42572639000  3
      14839 42572640000  1
      14837 42572641000  3
      14920 42572643002  1
      14991 42572643005  1
      14925 42572644000  0
      14898 42572645000  0
      14897 42572645006  1
      14944 42572651000  0
      14936 42572654000  0
      14926 42572655000  2
      14910 42572655002  0
      24062 42572670002  0
      24033 42572677000  1
      24131 42572681000  0
      94185 42572683000  1
      24155 42572688000  0
      24221 42572693000  0
      24232 42572694000  0
      24230 42572694001  0
      24229 42572698000  3
      14607 42572712000  0
      14609 42572713001  0
      14847 42572734003  0
      94850 42572743006  2
      14858 42572744001  0
      14913 42572745000  2
      94931 42572745003  0
      14918 42572747000  0
      14914 42572753000  0
      14916 42572753009  0
      14919 42572758002  0
      24011 42572764000  0
      24012 42572765001  0
      24013 42572765005  0
      94014 42572767000  1
      24132 42572772007  0
      24135 42572772009  0
      24153 42572773000  0
      94012 42572777003  2
      24243 42572781000  0
      94239 42572781005  0
      24227 42572792000  1
      24237 42572793001  0
      24233 42572793005  0
      94240 42572797000  0
      14711 42574002006  0
      24255 42574201003  0
      24217 42574201007  0
      14992 42574341002  0
      14841 42574365001  0
      94790 42574370004  0
      94725 42574370009  0
      14611 42574392001  0
      14605 42574392003  0
      94794 42574480007  0
      94746 42574490001  0
      14790 42574492002  0
      23239 42574506001  0
      23272 42574506002  0
      23244 42574509003  0
       3919 42574545003  0
      93997 42574545005  0
      93989 42574556006  0
      93720 42574595001  0
      23190 42574606001  0
      23161 42574611001  0
      93104 42574612001  0
      23081 42574635002  0
      13975 42574640005  0
      13969 42574647007  0
      93950 42574648001  0
       3935 42574662002  0
      13748 42574699002  1
      23110 42574702003  0
       3104 42574718001  0
      93987 42574750001  0
      13942 42574753003  0
      13978 42574769002  0
       3855 42574777001  0
      93841 42574777005  0
      13744 42574790003  0
      12843 42574795002  0
      41231 50998426001  0
      22701 51691066000  1
      41406 51691212000  1
      41415 51691217000  0
      41606 51691245000  0
      40505 51691334000  0
      40504 51691348000  1
      40604 51691366000  1
      40710 51691376000  0
      40309 51691408000  1
      40308 51691413000  1
      61705 51691765000  0
      22501 51991162001  0
      22536 51991165000  0
      22519 51991176001  0
      22514 51991178002  0
      22521 51991182000  0
      22516 51991190000  0
      21504 51991285000  0
      33209 61816746000  2
      16201 62004018000  2
      33126 62316459000  0
      13025 64308449000  0
