 11084 42574777006  0
 12813 42572223003  0
 13160 42572234005  0
 13511 42572229001  0
 13816 42572226002  0
 15749 42572323002  0
 17157 42574001001  0
 17304 42574001002  0
 17366 42572226006  0
 18024 42572228001  0
 18178 42572234003  0
 18323 42572226001  0
 18380 42572229002  0
 18438 42572226003  0
 18469 42572320003  0
 20080 42574724001  0
 21026 42572278003  0
 21248 42574635003  0
 21614 42572376001  0
 22659 42572273001  0
 23160 42572376006  0
 23596 42572376008  0
 24089 42572374004  0
 24645 42572370003  0
 24849 42572371001  0
 25467 42572278005  0
 25512 42572278004  0
 26250 42572370001  0
 26796 42572376002  0
 27281 42572278008  0
 27370 42572278001  0
 27390 42572274003  0
 27435 42572374003  0
 27716 42572376007  0
 28619 42572273004  0
 28815 42572274002  0
 29271 42572374001  0
 29287 42572278009  0
 29359 42572376005  0
 29652 42572280001  0
 30936 42572340004  0
 31596 42572340006  0
 31632 42572330004  0
 32356 42572440002  0
 32444 42572344003  0
 32930 42572344004  0
 34572 42572348001  0
 34756 42572341003  0
 35186 42572340007  0
 35508 42572349002  0
 35754 42572340003  0
 35820 42572330003  0
 35908 42574752003  0
 36253 42572340001  0
 36928 42572349001  0
 40693 42574506003  0
 40924 42572280004  0
 41048 42572281003  0
 41614 42572583006  0
 41715 42572591003  0
 41758 42572290002  0
 41912 42574500001  0
 42239 42572293001  0
 42294 42572483001  0
 42319 42574619001  0
 42728 42574501001  0
 42910 42572594000  0
 42941 42572383001  0
 43161 42572594001  0
 43257 42572389000  0
 43747 42574702001  0
 43761 42572597002  0
 43875 42574516006  0
 44232 42572480001  0
 44259 42574718002  0
 44713 42574501004  0
 44890 42572389001  0
 44997 42574509004  0
 45032 42572492001  0
 45385 42574500003  0
 45532 42572481001  0
 45983 42572592003  0
 46074 42574516003  0
 46118 42572370002  0
 46175 42572297002  0
 46399 42572391004  0
 46506 42572591004  0
 46508 42572594002  0
 46719 42572289001  0
 46730 42572390001  0
 46826 42574516001  0
 47195 42572489002  0
 47304 42572592001  0
 47306 42572286003  0
 47851 42572394002  0
 47902 42572391003  0
 47916 42572491004  0
 47965 42574516005  0
 48702 42572489003  0
 48758 42572488001  0
 48839 42572383003  0
 49087 42572297006  0
 49122 42572591001  0
 49200 42574516004  0
 49452 42572384001  0
 49490 42572592002  0
 49699 42572591002  0
 49855 42572481003  0
 49866 42572597001  0
 50848 42572469007  0
 51294 42572468001  0
 51528 42574531002  0
 51564 42572465001  0
 51741 42572476007  0
 52184 42572462007  0
 52281 42572469001  0
 52432 42574521002  0
 52446 42574530005  0
 53005 42574533002  0
 53038 42574533001  0
 53146 42572476006  0
 53662 42572476002  0
 53951 42574521004  0
 54076 42574530002  0
 54770 42574530004  0
 54834 42574530003  0
 55322 42572462005  0
 55722 42572476001  0
 57167 42572464003  0
 57337 42572462008  0
 57936 42574421002  0
 58204 42574521006  0
 58429 42572464001  0
 59243 42572465003  0
 62658 42572508003  0
 63207 42572507002  0
 67970 42572504001  0
 68138 42572508002  0
 72730 42572408001  0
 73595 42574595003  0
 75915 42574595004  0
 76410 42572408002  0
 79605 42572408004  0
 80211 42572220001  0
 80228 42574796002  0
 80478 42574796003  0
 80611 42572203001  0
 82220 42574778001  0
 82850 42572202004  0
 82915 42572206001  0
 82944 42572206006  0
 83163 42572202005  0
 83186 42574796001  0
 83207 42574795001  0
 84289 42572211003  0
 84570 42572201000  0
 84731 42572212003  0
 85275 42574781001  0
 86414 42572212001  0
 86997 42574777003  0
 87020 42572202002  0
 87851 42572211002  0
 88758 42572214000  0
 88824 42572211001  0
 88942 42574794001  0
 90140 42572216003  0
 90586 42572214001  0
 90979 42572216001  0
 91340 42572206008  0
 92318 42572219001  0
 92475 42572227002  0
 92966 42572217001  0
 93621 42572311003  0
 93754 42574780001  0
 94170 42572217002  0
 95874 42572217004  0
 95882 42572218001  0
 96335 42572215001  0
 97276 42574781002  0
 97600 42572320001  0
 97847 42572207000  0
 98535 42572225003  0
 98703 42572216002  0
 98740 42572311004  0
 99141 42572218003  0
 99157 42572311001  0
 99186 42572213001  0
 99291 42572225004  0
100010 42572578005  0
100448 42572681002  0
100470 42572578010  0
101380 42572681003  0
101408 42572681008  0
101663 42572681007  0
101956 42572785004  0
101960 42572785004  0
102845 42572783003  0
103143 42572783001  0
103631 42574413005  0
103732 42572578004  0
104140 42574413002  0
104295 42574413001  0
104670 42574413003  0
104831 42572785002  0
104845 42572681004  0
105241 42572783000  0
105275 42572671003  0
105462 42572578009  0
105559 42572578001  0
106152 42572783004  0
106388 42572681009  0
106542 42572578002  0
106891 42572681006  0
107264 42572786009  0
107386 42572786006  0
108080 42572773001  0
108137 42572785005  0
110072 42572544006  0
110187 42572435003  0
110338 42572530001  0
111280 42572439003  0
111436 42572531001  0
112140 42572531004  0
112193 42574560002  0
112348 42572543001  0
112483 42572435005  0
113335 42572544005  0
113717 42574556004  0
113879 42572435004  0
114108 42572439002  0
114198 42572531006  0
114442 42574556005  0
114823 42572544001  0
115079 42574560000  0
115326 42572543003  0
115515 42572432003  0
115712 42572532001  0
115768 42572544003  0
115833 42574455002  0
115901 42572547001  0
115943 42572432004  0
116446 42572432008  0
116526 42574460002  0
116558 42572432010  0
116579 42572439004  0
116610 42572531002  0
116910 42574460001  0
117551 42574556008  0
118147 42572434001  0
118740 42572531003  0
118916 42572544008  0
119241 42574556002  0
119354 42574560001  0
120177 42572438011  0
120200 42572533004  0
120676 42572533002  0
120784 42572438002  0
121030 42572421003  0
121229 42572429001  0
121425 42572423002  0
121747 42574468005  0
121873 42572438009  0
122149 42574466002  0
123418 42572535002  0
123513 42572438006  0
123527 42572438008  0
124008 42574465001  0
124181 42572533003  0
124837 42572535003  0
125237 42574468002  0
125337 42572533001  0
126001 42572432002  0
126580 42572438001  0
126705 42572423003  0
127125 42572432005  0
127298 42574466004  0
127482 42572535001  0
127522 42572438007  0
127646 42572438005  0
127755 42572423004  0
127875 42574468001  0
127935 42574468004  0
128036 42572432007  0
129080 42574468003  0
129113 42572432009  0
129253 42572432006  0
129511 42574466006  0
129557 42572438010  0
129670 42574466005  0
130112 42572546001  0
130133 42572549003  0
130600 42572545005  0
131402 42572548005  0
131533 42572554002  0
131635 42574455001  0
132724 42572650002  0
132789 42572545001  0
132864 42572548004  0
132977 42572549005  0
132999 42572549002  0
134063 42572546002  0
134142 42572548002  0
134735 42572557003  0
134894 42572553001  0
135769 42572540003  0
135796 42572544004  0
135952 42572548006  0
137147 42572651003  0
137161 42572549001  0
137979 42572650001  0
138296 42572548001  0
138688 42572545003  0
140264 42572452002  0
140365 42572451002  0
140405 42572449001  0
141704 42574541001  0
141740 42574542003  0
142401 42572450002  0
142459 42574545002  0
142602 42572456002  0
142835 42574542006  0
143527 42572451006  0
143810 42572449002  0
143954 42574542004  0
144087 42572451004  0
144464 42574530001  0
144530 42574541002  0
144559 42572456004  0
144588 42572446007  0
144695 42572460005  0
144972 42572455002  0
145152 42574545001  0
145173 42572452003  0
145363 42572458001  0
145856 42574433003  0
145906 42574433005  0
145972 42572446004  0
146128 42572456001  0
146374 42574433004  0
147093 42572465002  0
147271 42572451005  0
147305 42574542002  0
148495 42574433001  0
150254 42572425004  0
150619 42572422002  0
150909 42572327005  0
152791 42572425003  0
153028 42572422003  0
153430 42572424001  0
153994 42574671004  0
154703 42572424002  0
155389 42572326006  0
156091 42572432001  0
157324 42572423001  0
158709 42572326007  0
158714 42572421001  0
160098 42574754002  0
160205 42572233003  0
160537 42574753004  0
160549 42572231009  0
161287 42574755003  0
161411 42574753002  0
162151 42572233002  0
162534 42572231008  0
163313 42572231004  0
163800 42574755002  0
164407 42572231002  0
164700 42572240001  0
165026 42574755001  0
166664 42572231006  0
167344 42572248002  0
168163 42572235003  0
169013 42572231003  0
169806 42574753001  0
170100 42572608001  0
172426 42572608000  0
172765 42572618001  0
173046 42574392002  0
173944 42572713002  0
174566 42574389001  0
175304 42572619005  0
176430 42572619003  0
176905 42572606000  0
176937 42572713003  0
177174 42572619006  0
179891 42572608002  0
180470 42572406006  0
181385 42572404003  0
181750 42572406005  0
181995 42572405004  0
182282 42572417009  0
182523 42572406001  0
183675 42574594003  0
185111 42572406003  0
185718 42572406003  0
185985 42574002001  0
186620 42572417007  0
186770 42574594001  0
186915 42572404002  0
187330 42572402003  0
187806 42572404004  0
188000 42574595002  0
189440 42574002002  0
189750 42572406007  0
190120 42574491001  0
190535 42574490006  0
190736 42574492000  0
191447 42572509001  0
191561 42574490003  0
192975 42574490002  0
193213 42572508004  0
194105 42574490007  0
195246 42572507005  0
196486 42574492001  0
196681 42574494003  0
198367 42572507007  0
200032 42572536008  0
200128 42572635002  0
200146 42572539004  0
200230 42572537004  0
200779 42572636004  0
201439 42572743005  0
201486 42572743002  0
201492 42574365002  0
201675 42572539001  0
202423 42572639001  0
202737 42572648001  0
203632 42572636003  0
203823 42572536009  0
204090 42572648002  0
204104 42572741005  0
204244 42572635001  0
205434 42572637003  0
205650 42572632001  0
205662 42572638001  0
205690 42572743004  0
205816 42572734002  0
206300 42572637001  0
207690 42572535005  0
207812 42572743001  0
210018 42572753005  0
210075 42572644001  0
210515 42572756001  0
211465 42572649002  0
211630 42572745001  0
212142 42572753004  0
212645 42572745004  0
212698 42572650003  0
212737 42572658001  0
212916 42572755005  0
213290 42572644002  0
213455 42572756002  0
214106 42572755002  0
214652 42572755003  0
215400 42574341005  0
215435 42572658000  0
215563 42574341004  0
215615 42572655003  0
215638 42574341007  0
215887 42574341001  0
216152 42574341003  0
216360 42572750003  0
216547 42572750001  0
216565 42572651005  0
216612 42572750004  0
217087 42572756003  0
217405 42572649001  0
217460 42572750002  0
218419 42572745002  0
218618 42572755001  0
219046 42572650004  0
219059 42572755004  0
219249 42572644003  0
220021 42574769005  0
220488 42572334002  0
220955 42572332002  0
221094 42572235001  0
221389 42572235008  0
221707 42572334001  0
221865 42572233006  0
221880 42574769003  0
221962 42572332003  0
222094 42572235005  0
223107 42572235006  0
223605 42572235011  0
223887 42572233007  0
223975 42572334004  0
224173 42572334003  0
224776 42572235010  0
224939 42572234001  0
225247 42572234006  0
225987 42572235002  0
226009 42572235012  0
226177 42574754004  0
226718 42572223001  0
227111 42574769006  0
227128 42572233004  0
227132 42572235004  0
228374 42574769001  0
229079 42574769008  0
229400 42574769007  0
229426 42572233001  0
229439 42572234002  0
229793 42574755004  0
229860 42572235009  0
230204 42572440007  0
230856 42574556001  0
231037 42574551004  0
231364 42574662001  0
231711 42572446001  0
231822 42572449004  0
232289 42572330005  0
232809 42574662004  0
234271 42572445002  0
234705 42572440006  0
234825 42574550002  0
234850 42572446005  0
234904 42574551003  0
235027 42572440005  0
235253 42574662003  0
235541 42572445003  0
235671 42572445004  0
235834 42574550001  0
235976 42572440003  0
237263 42574550003  0
237963 42572540000  0
238051 42574556007  0
238223 42574551002  0
238466 42574550004  0
238523 42572540002  0
238725 42572434004  0
240199 42572772010  0
240364 42572776002  0
240780 42572677003  0
241044 42572772006  0
241552 42572776001  0
241722 42572777002  0
241737 42572776003  0
242112 42572677001  0
242173 42572779002  0
242409 42572772001  0
242689 42572661003  0
242793 42572772004  0
243013 42572677005  0
243089 42572768004  0
243110 42572777001  0
243139 42572779003  0
243558 42572768000  0
243581 42574230004  0
243751 42572776000  0
243885 42572773002  0
243984 42572773006  0
244038 42572670009  0
244055 42572772000  0
244345 42572677004  0
244522 42572768001  0
244558 42572779000  0
245015 42572779001  0
245080 42572670012  0
245338 42572768003  0
245572 42572767002  0
245668 42574230003  0
245690 42574230002  0
245761 42572775001  0
246157 42572772005  0
246472 42572773003  0
246601 42574230001  0
246660 42572768002  0
246918 42572670011  0
247286 42572773005  0
247382 42572767001  0
248501 42572775004  0
248597 42572772003  0
248857 42572670007  0
248930 42572772011  0
250070 42572556002  0
250130 42572566004  0
250375 42572558001  0
250420 42572652001  0
250435 42572554001  0
250622 42574440002  0
250640 42574433006  0
251145 42572566001  0
251200 42572562003  0
252020 42572551003  0
252100 42572562001  0
252205 42572551007  0
252820 42574440000  0
252840 42574440004  0
253035 42572552001  0
253175 42574440003  0
253185 42572556001  0
253365 42572562002  0
253540 42572562004  0
253615 42572566005  0
253630 42574445002  0
253660 42572552005  0
253715 42574437001  0
253735 42574440001  0
253910 42572552003  0
254110 42574433007  0
254440 42572561004  0
254900 42572561003  0
254985 42572552008  0
255080 42572556003  0
255310 42574433000  0
255470 42574437000  0
255565 42572552004  0
256040 42572552009  0
256135 42574445001  0
256570 42572551001  0
256970 42572567001  0
257070 42572552002  0
257515 42572552007  0
257715 42572551005  0
258395 42572551004  0
258465 42572551002  0
258480 42572553002  0
258915 42572557001  0
259090 42572554003  0
259510 42572552006  0
260507 42572583001  0
260691 42572583004  0
261071 42572386002  0
262573 42572582002  0
262780 42572488003  0
263245 42572583005  0
264698 42572583003  0
264950 42572486001  0
265168 42572480004  0
266779 42572488000  0
267369 42572386001  0
268988 42572582003  0
269171 42572583000  0
270703 42572604003  0
272174 42572605002  0
272999 42572612002  0
273850 42572604002  0
274399 42574484001  0
280325 42572407003  0
280734 42572517004  0
280907 42572502004  0
281582 42572502005  0
283029 42572517002  0
283951 42572409005  0
284229 42572408005  0
284987 42572409006  0
285728 42572408008  0
286055 42572502001  0
287079 42572502002  0
288899 42572407005  0
290692 42574635005  0
290858 42574731004  0
291469 42572262002  0
291515 42574733001  0
291664 42572462004  0
291813 42572462001  0
291887 42572360000  0
292848 42572271002  0
293265 42572271001  0
293294 42574638003  0
293368 42572364002  0
294369 42572365007  0
294426 42574734001  0
294862 42572365004  0
295150 42572365002  0
295273 42572271003  0
295960 42574732002  0
295965 42572365001  0
296435 42574629001  0
297323 42572462003  0
297610 42572268000  0
297867 42574731002  0
298107 42574731001  0
298387 42574630001  0
298501 42572360002  0
298535 42572269001  0
299156 42574731003  0
299165 42574732004  0
300023 42572515003  0
300042 42572518000  0
300085 42572523002  0
300093 42572528001  0
300183 42572523003  0
300321 42572519001  0
300360 42572515004  0
300443 42572529002  0
300448 42572523004  0
300687 42572515000  0
300889 42572501003  0
300937 42572529004  0
301012 42572528000  0
301185 42574370006  0
301387 42572617007  0
301401 42572617008  0
301752 42574480002  0
301799 42572515007  0
301966 42572617006  0
301974 42572523005  0
302610 42572515003  0
303033 42572528002  0
303184 42572529001  0
303259 42572504004  0
303319 42572518004  0
303773 42572523007  0
304102 42572518006  0
304174 42572515005  0
304555 42572617004  0
304647 42574370008  0
304791 42574480005  0
304796 42574480004  0
304844 42572528005  0
304912 42574370001  0
305113 42574480001  0
305426 42572504006  0
305512 42574480003  0
305801 42572503001  0
306085 42572515006  0
306164 42574370007  0
306314 42572519002  0
306517 42572523006  0
306659 42572617005  0
306774 42572502006  0
306820 42572504005  0
307167 42572529003  0
307484 42572518003  0
307497 42572503003  0
307633 42572501004  0
308248 42574370002  0
308383 42572519000  0
308600 42572518002  0
308631 42572617003  0
308739 42574480006  0
308906 42572503007  0
308910 42572528003  0
308944 42574370005  0
309000 42574370003  0
309292 42572503005  0
309670 42572503004  0
310090 42572314003  0
310506 42572315007  0
311458 42572304000  0
311677 42572306004  0
312635 42574695001  0
312719 42572308002  0
313017 42574693002  0
313510 42574693004  0
313969 42572306006  0
313976 42572315002  0
314055 42572315001  0
314684 42572309003  0
314938 42572314006  0
315123 42572306005  0
315177 42574693001  0
315340 42572315004  0
315356 42572315006  0
315771 42572314002  0
315830 42572305002  0
315838 42572315005  0
315890 42572317004  0
317202 42572317003  0
317615 42572317001  0
317994 42572306001  0
318113 42574699001  0
318292 42572314005  0
318500 42572306003  0
319147 42572315003  0
319476 42572306002  0
320941 42572758009  0
321871 42572767003  0
322188 42572765002  0
322365 42572765004  0
323207 42572764001  0
323287 42572659004  0
323594 42572758006  0
323621 42572753008  0
324178 42572661004  0
324203 42572753006  0
324418 42572758001  0
324958 42572758008  0
325220 42572753003  0
325479 42572764005  0
325660 42572753007  0
326015 42572764004  0
326155 42572764002  0
326255 42572764003  0
326315 42572661005  0
326947 42572756004  0
327530 42572765003  0
328792 42572758005  0
329100 42572753002  0
329445 42572758007  0
331072 42572536001  0
331152 42572520002  0
331541 42572524002  0
331592 42572426004  0
331890 42572521003  0
332119 42572428004  0
332791 42572536004  0
333375 42572429002  0
333758 42572426002  0
333780 42572525004  0
334189 42572428006  0
335041 42572414006  0
335297 42572521004  0
335315 42572521005  0
335669 42572536006  0
336118 42572524003  0
336196 42572524004  0
336600 42572521001  0
336781 42572425005  0
338313 42572536005  0
338534 42572536002  0
338552 42572428003  0
338769 42572525002  0
338822 42572536007  0
338830 42572426001  0
339312 42572521006  0
340017 42574649004  0
340179 42572352003  0
340256 42572341002  0
340292 42574649001  0
340548 42572356003  0
340593 42572451001  0
340908 42572460003  0
341243 42574640007  0
341504 42572355003  0
341724 42572452001  0
341828 42572356001  0
342678 42572259006  0
342912 42574647005  0
342944 42572352007  0
343497 42572353001  0
343628 42572460002  0
343821 42572354004  0
343871 42574640002  0
344055 42574647001  0
344204 42572352006  0
344235 42572354001  0
344298 42572460004  0
344384 42572341001  0
344573 42574647006  0
344766 42572360004  0
344861 42572353002  0
345063 42572355001  0
345509 42572352005  0
345779 42572354003  0
345855 42574542001  0
346130 42574648005  0
346139 42574640004  0
346278 42574647008  0
346629 42574640003  0
346638 42574648002  0
346670 42574648004  0
346926 42574649003  0
346935 42572356002  0
347012 42574647003  0
347254 42572344001  0
348501 42574647002  0
348677 42574648006  0
349395 42572351001  0
349422 42574640001  0
349445 42574648003  0
350304 42572597007  0
350328 42572791000  0
350412 42572688001  0
350694 42572693005  0
350854 42572597009  0
351055 42572597003  0
351433 42572693007  0
351765 42572688003  0
351862 42572694004  0
351897 42572693004  0
351946 42572597012  0
352135 42572681001  0
352406 42572693003  0
352440 42572698003  0
352997 42572698004  0
353095 42572597014  0
353445 42572597008  0
353770 42572698002  0
353827 42572688005  0
353847 42572688008  0
354003 42572698008  0
354506 42572597006  0
354670 42572683001  0
355162 42572683003  0
355362 42572693006  0
355384 42572694005  0
355593 42572788003  0
355734 42572781001  0
356032 42572693008  0
356073 42572693002  0
356426 42572683002  0
356634 42572688006  0
356883 42572694002  0
356907 42572597011  0
357169 42572597013  0
357331 42572693001  0
358466 42572698001  0
358494 42572791001  0
358746 42572688002  0
358797 42572681005  0
358997 42572788001  0
360106 42572517000  0
361354 42574002005  0
362537 42574002003  0
362682 42572526000  0
363028 42572525005  0
363056 42572513001  0
363526 42572525006  0
363699 42574002007  0
364385 42572520004  0
365915 42572515002  0
366233 42572525001  0
366689 42572517003  0
367322 42572517001  0
367477 42572526001  0
367931 42572514002  0
368449 42572514003  0
368596 42572517005  0
368905 42572515001  0
369050 42572520001  0
369298 42572526002  0
369408 42572514005  0
369464 42572408007  0
369728 42572514000  0
369933 42574002004  0
370896 42572507001  0
374266 42572507003  0
376698 42572507006  0
380074 42572218004  0
380165 42572312004  0
380559 42572207002  0
380764 42572218002  0
381277 42572311002  0
381310 42574790004  0
381549 42572208001  0
381588 42572303001  0
381770 42572312006  0
381944 42572310002  0
381997 42574791003  0
382260 42574790005  0
383468 42574791001  0
383747 42572312000  0
383754 42572312001  0
384690 42574790006  0
384753 42574792002  0
385017 42572312003  0
385200 42572310003  0
386209 42572310004  0
386527 42574792001  0
387631 42572310001  0
387722 42572312005  0
388426 42572208002  0
388440 42574790001  0
388887 42572312007  0
389327 42572310005  0
389350 42572314001  0
389469 42572207004  0
390020 42572659000  0
390043 42572653001  0
390128 42572651004  0
391392 42572651002  0
391739 42572654003  0
391972 42572662003  0
392429 42572661002  0
392797 42572659003  0
392927 42572659001  0
393029 42572654002  0
393217 42572653004  0
393832 42572653007  0
394007 42572662001  0
394037 42572654001  0
394516 42572653003  0
395456 42572659002  0
395481 42572651001  0
395536 42574341006  0
395891 42572653002  0
396170 42572653006  0
396597 42572653005  0
396947 42572662004  0
398622 42572557002  0
398932 42572654004  0
399442 42572567002  0
401790 42574671002  0
402024 42572324001  0
402108 42572334006  0
402202 42572326003  0
402489 42572327004  0
402589 42574671001  0
404561 42572334008  0
405187 42572327001  0
405882 42572324002  0
406371 42572327002  0
406534 42572326002  0
407884 42572326005  0
409155 42574001003  0
409219 42572435001  0
409502 42572323004  0
410120 42572266002  0
410144 42572251005  0
410174 42572264001  0
410493 42572263002  0
410498 42572264002  0
410639 42572251007  0
410832 42572253009  0
410902 42572253008  0
411000 42572363001  0
411048 42572243006  0
411138 42572260001  0
411528 42572261001  0
411772 42574752002  0
412015 42572251000  0
412019 42574750002  0
412121 42572267002  0
412266 42572255002  0
412598 42572260002  0
412679 42572261002  0
412797 42572270000  0
412906 42572253001  0
413063 42572251001  0
413183 42572254002  0
413280 42574730001  0
413420 42572259004  0
413734 42572259003  0
413873 42572255003  0
413992 42572266003  0
415018 42572257003  0
415196 42572243005  0
415272 42572254004  0
415429 42572254001  0
415618 42572247001  0
415707 42572265001  0
415869 42572256002  0
415875 42572363002  0
416135 42574638001  0
416276 42572253007  0
416892 42572264003  0
417079 42572267003  0
417336 42572352001  0
417622 42572250003  0
417945 42572253000  0
418201 42572265004  0
418433 42574735001  0
418692 42572460001  0
418910 42572257005  0
419532 42572249001  0
420086 42572371004  0
420519 42572471004  0
420738 42574521003  0
420788 42574521001  0
421731 42572572012  0
422101 42572471010  0
422253 42574420001  0
422418 42574003001  0
422592 42572371006  0
422828 42572471008  0
422996 42574420002  0
423418 42572470002  0
423611 42572470001  0
423809 42572572003  0
423896 42572470004  0
424508 42572371002  0
424856 42572572014  0
425065 42572470005  0
425148 42572471005  0
425186 42572572013  0
425402 42572470003  0
425733 42572476003  0
425752 42572487002  0
425826 42572572006  0
426404 42572572009  0
426601 42572471002  0
426686 42572471003  0
427260 42572471007  0
427318 42572572008  0
427516 42572487001  0
427714 42572471009  0
427909 42572572005  0
428119 42572572001  0
428705 42572476005  0
428771 42572572004  0
428973 42572572002  0
429111 42574420003  0
429382 42572581000  0
429595 42572572011  0
429717 42572371003  0
431081 42572617000  0
431243 42574484002  0
431360 42572614001  0
431580 42572617001  0
432769 42572612001  0
435740 42572617002  0
437054 42572614003  0
440766 42572318000  0
440993 42572401002  0
441209 42572412001  0
441593 42572410003  0
442208 42572417001  0
442245 42572317005  0
442941 42572410001  0
443192 42572405001  0
444101 42572401001  0
444128 42572411002  0
444876 42572410002  0
444909 42572403003  0
446139 42572308000  0
446626 42572326008  0
446712 42572403001  0
447338 42572411001  0
448062 42572410004  0
449151 42574598003  0
449263 42572403002  0
450008 42572792002  0
450587 42574201006  0
450729 42574201009  0
450945 42574206003  0
451233 42572793002  0
451276 42572792001  0
451484 42574201008  0
451504 42572781004  0
451586 42572783006  0
451654 42572786007  0
451666 42572789004  0
452007 42572786004  0
452030 42572788005  0
452505 42572781003  0
452675 42572793010  0
452914 42572797001  0
453226 42572781002  0
453284 42574207001  0
454154 42572784001  0
454748 42572791002  0
454764 42574206001  0
454769 42572698010  0
455946 42572786008  0
456039 42572786002  0
456096 42574201005  0
456610 42572783002  0
456624 42574201001  0
456678 42574201002  0
456789 42572783005  0
456803 42574206004  0
456914 42572791003  0
457059 42572786001  0
457458 42572793007  0
457507 42574201004  0
457773 42572793004  0
457938 42572785003  0
458059 42572789002  0
458207 42572784002  0
458773 42572698007  0
458928 42572788004  0
459012 42572789001  0
459074 42572781006  0
459238 42572786005  0
459376 42572789003  0
461220 42572417005  0
461330 42572414003  0
463353 42572412003  0
463544 42572417004  0
465224 42572412004  0
465626 42572417008  0
465707 42572403004  0
466867 42572417006  0
467001 42572417002  0
468384 42572414002  0
469368 42572520003  0
469605 42572425002  0
469683 42572414001  0
470349 42572741006  0
470991 42572645005  0
471078 42572543004  0
472001 42572547002  0
472839 42572645001  0
473405 42572641003  0
473471 42572643003  0
474546 42574357001  0
475017 42572645003  0
475120 42572643004  0
475255 42572741002  0
475474 42572640002  0
475516 42572741004  0
475932 42572645004  0
476208 42572645007  0
476330 42572645002  0
476718 42572641002  0
476827 42574357002  0
476922 42572640001  0
478027 42572741003  0
478110 42572741001  0
478827 42572643001  0
478919 42572641001  0
480140 42572671006  0
480540 42572670004  0
480915 42572671004  0
481175 42572670005  0
481675 42572564000  0
481730 42572564003  0
481905 42572661001  0
482595 42572672001  0
482715 42572672003  0
483100 42572572010  0
484065 42572671001  0
485345 42572670006  0
485415 42572564002  0
485830 42572566006  0
486195 42572569003  0
486440 42572670001  0
486660 42572662002  0
487105 42572569001  0
487115 42572672002  0
487240 42572564001  0
487260 42572671005  0
487388 42572670008  0
487760 42572672000  0
487845 42572671002  0
487990 42574431003  0
488160 42572666001  0
488995 42572566003  0
489615 42574431005  0
489770 42572670003  0
489905 42572670010  0
