026353 19940401 022659 19940331
021514 19880801 025467 19880731
035512 19940301 035508 19940228
292608 19910301 052432 19910228
091500 19930102 090979 19930101
106305 19970701 101380 19970630
105685 19960701 101663 19960630
100667 19910101 101960 19901231
116738 19891101 113717 19891031
141867 19961201 142602 19961130
147542 19940401 146374 19940331
150381 19910401 155389 19910331
153762 19960101 156091 19951231
171628 20001201 176430 20001130
170814 19960101 177174 19951231
180700 19960401 181995 19960331
196783 19860502 191447 19860501
199316 19870102 191561 19860101
198757 19900102 192975 19900101
210252 19960801 213455 19960731
213303 20001001 216612 20000930
215175 19951001 219059 19950930
244364 19910802 242112 19910801
247318 19910202 243984 19900201
248569 19910701 246660 19910630
258133 19890701 253540 19890630
270706 19920102 270703 19920101
288816 19950701 288899 19950630
302060 19930102 300360 19930101
304996 19950601 301387 19950531
303955 19940402 306517 19940401
437607 19950201 306659 19950131
302129 19911102 307497 19911101
308737 19911102 308739 19911101
318694 19990301 310506 19990228
321408 19880302 325660 19880301
332098 19960701 335669 19960630
416794 19990301 344384 19990228
367029 19900401 363056 19900331
364896 19911001 363699 19910930
425477 19900602 420519 19900601
426135 19921202 422418 19921201
427729 19921102 423896 19921101
427559 19941101 425148 19941031
422726 19910302 427318 19910301
437612 19940501 435740 19940430
457267 19940601 451586 19940531
451630 19930302 451654 19930301
453222 19950301 453226 19950228
451939 19950701 453284 19950630
455224 19950801 456803 19950731
467029 19890702 463353 19890701
466989 19941001 467001 19940930
469610 19930802 469605 19930801
475808 19931202 473471 19931201
100803 19931002 480915 19931001
481840 19941001 481175 19940930
480552 19911001 487105 19910930
